etopo1.asc
ncols        279
nrows        105
xllcorner    -84.258333333333
yllcorner    34.541666666667
cellsize     0.016666666667
[rows 41 to 81 of 105, columns 186 to 278 of 279]
292 310 322 297 293 292 278 261 245 253 261 250 239 236 252 256 248 260 267 267 269 267 267 266 260 249 243 258 250 252 262 256 251 243 235 230 242 240 250 248 235 241 266 251 238 227 227 218 212 202 195 208 203 202 210 208 218 188 189 204 210 211 211 215 212 197 187 168 175 176 153 132 153 199 234 245 241 236 224 233 234 236 220 207 196 183 175 165 160 155 151 142 133
299 313 314 322 323 315 274 257 244 239 252 246 234 234 243 244 253 252 252 254 268 275 265 250 254 257 257 265 266 263 262 254 251 242 233 244 249 254 254 240 245 264 260 240 239 239 228 215 207 221 208 208 209 220 206 187 181 192 202 196 198 200 209 219 216 216 209 200 180 170 149 130 156 192 226 243 250 243 220 222 225 223 226 208 192 195 175 167 168 171 164 150 135
307 291 304 345 343 282 266 249 251 238 239 234 237 248 256 254 244 237 247 257 260 261 256 244 239 244 250 260 273 262 267 268 256 248 248 237 251 258 257 250 266 266 248 244 240 229 218 211 215 220 216 213 223 207 195 192 186 192 199 204 215 227 223 230 229 235 218 207 174 157 138 136 187 205 247 242 248 239 218 215 220 209 220 200 186 171 165 154 159 163 157 153 140
294 289 313 313 288 275 268 257 261 248 237 231 234 245 248 243 235 250 258 251 247 246 244 247 229 232 247 263 269 261 247 256 262 253 236 229 251 247 251 260 266 257 241 233 233 228 216 213 223 222 217 224 216 202 194 189 182 207 225 216 208 217 229 225 235 228 240 213 179 166 138 166 217 232 243 231 237 237 211 203 205 207 220 206 198 162 155 150 144 149 147 146 141
273 296 304 276 267 267 262 271 264 250 240 241 231 233 240 231 236 244 253 240 231 244 236 242 226 228 245 250 263 262 242 245 256 244 227 228 245 238 236 246 256 244 235 226 218 214 221 230 231 229 222 218 210 203 199 193 187 180 192 206 212 222 199 198 205 224 233 211 175 167 135 169 238 247 241 237 226 222 219 208 194 207 221 213 177 166 158 148 141 133 130 130 131
275 285 276 259 259 256 256 257 260 259 248 238 235 237 232 232 233 234 242 244 227 241 234 244 227 224 238 240 247 253 233 235 249 240 223 219 240 247 228 234 236 239 240 232 227 230 238 231 228 227 223 215 205 202 200 200 193 201 206 233 215 205 188 192 216 207 217 192 155 156 149 191 239 240 231 228 233 212 211 215 199 203 211 194 177 171 171 161 152 139 139 138 127
258 272 263 261 247 254 254 239 250 258 243 231 233 232 231 232 236 237 247 240 227 233 237 255 237 221 226 231 251 246 222 239 244 235 224 214 238 242 229 223 232 226 231 234 235 243 229 211 231 218 220 215 206 199 194 190 191 201 182 208 193 186 174 178 199 195 202 174 151 150 169 191 215 212 216 223 224 211 195 208 215 199 187 188 174 165 171 164 155 156 148 141 136
253 252 247 256 247 241 243 232 243 251 248 236 231 231 233 243 243 245 242 230 223 222 228 247 240 221 209 223 238 229 217 238 233 220 208 228 227 231 232 217 230 219 230 222 237 233 211 208 221 223 219 207 205 200 195 186 203 206 199 187 187 181 177 162 179 176 199 190 145 140 165 177 183 204 210 221 221 205 192 203 195 202 185 185 171 165 154 166 163 159 145 135 136
263 253 239 258 268 248 232 230 237 245 240 234 231 235 236 238 237 238 244 233 222 214 213 220 235 227 201 218 225 225 213 223 228 220 204 210 216 212 222 215 225 217 217 216 237 228 194 221 209 216 214 208 194 198 195 194 208 215 229 198 186 165 163 165 162 200 201 159 134 149 153 182 212 235 222 222 201 188 191 192 195 174 187 190 176 167 148 147 149 151 148 145 154
260 247 237 249 254 248 231 228 232 234 243 235 232 231 231 233 227 228 241 239 228 225 223 213 208 220 205 202 216 217 207 207 217 214 205 192 209 199 222 222 212 207 207 205 222 194 209 214 206 201 204 204 187 198 201 204 214 222 226 202 213 190 160 163 164 191 165 142 137 134 159 210 229 245 218 191 199 190 180 181 183 173 187 179 170 165 166 162 146 137 132 130 136
266 256 266 242 235 232 234 218 226 241 242 223 228 236 235 231 221 231 239 238 224 222 216 213 200 209 215 202 206 211 215 200 205 213 204 186 203 196 218 214 219 218 210 196 196 183 207 196 208 198 198 203 191 184 189 190 203 199 200 208 206 186 171 163 184 197 170 139 122 125 190 213 242 245 224 179 187 190 179 175 172 181 191 185 178 179 164 153 153 155 144 135 127
256 266 269 243 234 223 226 216 232 231 232 225 218 226 233 221 218 226 237 233 218 213 207 201 201 198 215 211 200 203 219 217 197 204 207 192 190 195 219 206 209 209 209 218 183 196 206 200 220 182 192 211 198 173 178 171 182 181 190 197 178 177 172 176 182 214 182 199 113 144 170 218 237 242 221 178 185 185 182 160 163 181 193 184 177 169 169 164 154 155 143 131 135
244 258 266 254 249 237 206 209 237 233 222 225 215 224 218 218 221 223 232 241 221 223 222 223 210 199 211 218 204 191 203 211 220 202 194 198 184 190 208 211 197 199 193 190 174 209 185 207 200 173 192 205 191 179 165 176 165 181 173 176 186 180 160 169 164 166 162 149 113 160 201 233 226 201 191 169 164 168 177 158 158 177 192 183 178 169 164 148 151 145 143 136 145
237 241 254 254 239 238 211 205 241 233 210 215 220 221 219 228 238 239 241 246 239 240 239 226 215 198 192 206 211 187 187 195 202 220 194 192 199 188 204 213 216 211 198 173 181 198 188 177 175 185 191 204 194 176 167 180 166 170 164 175 183 174 153 177 169 110 110 113 149 181 215 230 207 195 178 173 163 149 160 153 160 169 182 174 166 163 157 160 154 159 149 147 149
230 234 238 251 235 224 219 206 224 225 214 213 212 210 220 227 229 236 242 250 255 243 239 231 223 212 195 188 187 189 184 182 191 209 198 187 187 183 204 205 224 208 181 168 186 196 203 186 165 197 189 204 191 185 186 173 169 147 166 173 164 158 144 163 183 118 106 134 188 209 223 215 209 193 189 183 179 157 141 145 160 177 181 171 175 167 169 163 166 160 150 158 158
220 224 228 251 250 228 210 211 199 218 215 207 208 208 215 225 229 229 234 243 249 236 231 229 217 211 214 209 203 185 185 180 179 191 200 200 182 178 192 193 206 201 173 172 193 201 187 172 167 176 182 194 186 191 194 161 144 144 168 174 173 170 146 139 130 101 128 163 208 213 215 196 196 194 176 183 184 159 137 150 162 175 185 178 175 174 181 174 168 169 169 165 180
228 214 231 245 247 227 218 210 197 213 201 222 220 222 218 219 229 236 242 244 249 235 222 219 222 207 191 189 190 189 179 177 178 178 197 193 184 170 185 189 191 178 164 192 201 199 197 181 179 159 175 181 171 170 168 158 149 154 162 177 181 176 156 153 106 101 142 193 199 204 214 206 183 170 156 173 166 145 134 156 159 172 183 190 182 191 198 182 179 192 184 174 182
229 219 215 230 240 222 211 203 200 203 196 217 217 214 220 230 238 240 244 252 248 233 224 206 200 195 207 205 201 199 189 178 176 175 180 173 181 191 179 180 167 163 179 193 202 205 197 210 204 169 153 168 159 155 157 142 144 159 164 171 154 162 156 133 101 115 162 188 190 186 181 190 167 150 148 158 146 133 146 159 171 177 184 205 203 211 203 202 194 201 185 177 180
226 226 251 215 236 228 216 200 193 188 204 207 207 217 225 241 248 240 249 247 247 247 235 219 214 214 216 220 212 205 202 186 177 181 183 194 200 190 191 179 171 167 180 190 204 205 205 196 192 176 146 148 154 146 142 138 152 159 166 157 133 130 111 117 100 112 158 179 163 172 160 174 157 147 138 145 133 142 147 157 167 180 201 215 222 216 211 207 205 207 195 194 176
245 240 234 216 213 228 221 206 193 188 209 223 228 235 242 245 239 234 236 239 230 241 239 236 220 223 229 226 231 216 206 191 187 185 195 200 192 177 180 171 161 174 180 199 211 202 204 200 180 173 141 132 148 138 132 140 141 154 171 147 147 122 113 97 107 124 162 162 141 152 143 158 148 136 125 126 144 157 155 159 160 180 199 210 217 210 193 201 186 193 191 197 181
243 229 228 232 207 215 218 220 191 209 222 219 219 221 229 238 233 220 227 220 228 232 233 237 232 244 233 223 224 204 198 197 201 193 201 204 193 186 168 162 160 164 183 212 213 193 205 202 185 162 145 132 139 123 129 142 150 167 159 155 132 119 99 94 102 115 137 135 122 130 141 142 135 139 129 131 155 139 151 173 177 181 186 198 208 204 189 182 177 173 187 187 177
249 234 220 214 208 194 212 212 190 198 208 201 224 229 232 238 225 216 217 224 219 223 232 227 229 240 230 216 207 209 202 214 205 206 213 210 201 183 171 164 157 166 196 207 201 183 193 189 182 167 142 132 119 115 132 153 158 161 149 147 130 114 97 94 103 110 123 117 108 122 138 138 121 133 114 139 123 141 160 169 158 157 171 194 193 197 202 174 163 163 181 167 171
228 220 232 220 208 185 206 210 187 204 190 208 224 231 223 234 224 207 218 222 221 229 223 226 235 238 233 226 224 220 212 225 221 219 206 197 188 172 159 162 159 171 191 189 188 176 172 173 174 160 146 136 133 115 136 145 155 146 133 141 126 110 118 94 91 98 111 107 105 122 135 138 123 109 107 104 122 144 126 112 128 153 175 181 167 189 195 191 176 154 176 161 154
236 218 213 222 221 191 205 217 194 191 207 222 218 218 214 223 212 212 223 210 223 214 226 236 237 231 234 230 234 232 230 228 224 215 197 182 168 167 160 153 157 189 183 165 181 175 151 155 164 156 149 137 138 126 114 137 157 132 126 131 134 106 114 102 93 95 95 91 112 125 118 116 111 89 77 103 117 109 93 106 143 169 160 154 161 190 181 185 171 151 166 163 142
238 227 216 207 199 201 191 203 203 194 215 222 213 212 203 203 209 222 216 211 212 215 226 232 226 227 227 220 234 240 229 215 202 201 201 189 166 153 154 151 174 185 179 161 164 164 140 141 155 139 138 122 122 125 116 139 149 130 120 108 121 100 86 101 92 78 93 103 120 122 107 103 89 69 80 90 91 86 91 100 114 139 139 149 177 184 176 170 177 155 147 158 141
237 234 223 214 198 200 199 188 199 190 205 213 216 207 198 212 220 217 206 209 210 227 224 227 226 216 211 224 226 229 236 228 216 207 195 177 163 155 150 156 160 163 166 155 145 152 139 126 141 129 122 130 128 137 127 117 118 115 113 97 107 87 74 85 95 81 91 120 113 108 91 91 79 72 74 85 75 85 95 111 129 151 130 144 156 182 175 157 175 164 135 140 133
229 225 222 214 204 190 197 188 200 188 199 215 216 201 194 207 215 213 198 202 216 214 220 221 211 198 206 213 217 230 229 224 219 196 179 170 167 156 157 174 164 150 149 144 136 131 133 128 124 133 129 145 137 136 120 95 102 92 101 93 88 87 88 73 88 82 95 124 102 89 86 85 83 82 72 73 90 92 98 116 148 129 135 147 162 178 179 158 152 163 154 140 123
209 216 214 213 212 194 185 189 189 189 198 198 202 191 189 208 206 206 201 212 205 209 208 199 189 191 207 223 232 227 215 212 207 189 181 172 159 161 172 178 169 159 156 155 146 148 157 147 143 158 147 133 113 109 107 108 94 95 85 87 101 108 97 90 70 81 102 108 87 82 77 85 85 73 72 71 75 88 98 127 154 125 136 158 161 162 177 169 147 142 153 154 131
212 202 207 199 197 190 183 205 208 193 197 193 192 194 184 197 199 191 206 209 201 202 189 190 205 211 209 224 234 223 215 198 197 185 172 166 166 175 172 168 171 167 162 157 164 164 162 157 149 150 142 123 109 124 146 130 110 100 89 113 109 107 90 85 70 94 95 88 79 87 85 73 69 65 65 64 79 106 151 147 127 124 147 151 143 163 167 160 160 140 134 149 142
206 197 195 193 191 201 199 182 204 200 193 191 189 196 185 177 194 183 191 187 186 181 187 205 215 218 220 228 227 217 205 202 192 177 173 175 177 180 184 176 181 169 167 173 169 162 156 140 136 126 127 119 128 126 153 140 111 110 89 115 122 104 98 96 76 67 70 90 79 69 71 63 60 59 65 66 94 140 151 114 108 141 148 133 140 149 163 156 153 148 127 134 138
213 212 213 201 191 188 181 191 206 205 191 183 186 192 179 174 179 185 178 181 177 188 194 196 201 206 212 227 223 209 204 196 191 188 183 182 179 188 186 180 181 172 165 168 164 156 140 137 146 134 143 134 135 141 146 131 116 124 94 118 120 110 95 90 75 75 66 70 70 65 61 66 67 73 66 74 126 136 117 101 116 124 125 135 150 153 152 138 138 145 136 121 121
212 226 221 211 197 184 186 198 215 220 206 191 184 197 185 171 174 175 179 173 182 187 187 201 211 224 224 231 221 211 202 197 193 193 186 186 190 191 182 175 175 166 158 157 156 145 147 139 152 139 152 148 151 150 137 133 128 124 104 111 101 95 83 77 78 79 73 69 66 68 67 74 78 77 67 81 103 104 88 99 112 129 140 151 150 139 138 127 123 140 137 137 120
201 201 205 215 200 179 189 204 213 217 214 197 184 193 180 176 180 168 171 179 190 194 201 213 215 222 218 216 214 206 201 194 195 190 192 191 190 186 179 166 169 158 159 154 143 147 154 142 157 147 155 161 151 145 142 141 134 116 116 116 100 78 72 70 71 72 71 68 73 80 76 80 78 67 68 69 88 86 104 110 139 149 145 153 144 126 122 118 115 120 130 142 134
214 210 200 190 187 189 180 191 199 202 202 195 184 183 184 179 175 186 190 198 204 192 196 209 211 220 210 208 202 199 200 198 196 195 191 183 183 180 178 161 164 154 147 151 159 155 151 144 162 157 160 157 153 151 139 133 122 116 116 107 93 78 78 75 83 75 74 72 79 81 82 87 77 85 90 84 64 93 136 132 124 131 123 133 139 130 116 107 109 120 121 123 112
221 213 203 196 185 184 180 187 193 188 195 204 190 180 185 175 187 191 197 204 195 185 191 203 215 212 201 199 193 195 193 199 198 193 186 177 175 175 173 162 156 153 155 156 163 158 160 146 158 165 159 148 143 142 138 125 116 124 112 101 82 80 83 79 90 79 76 89 93 88 91 89 97 109 88 79 67 96 111 104 99 106 115 117 130 118 105 100 106 105 117 103 104
216 204 199 208 198 187 189 185 183 166 199 198 197 188 177 168 178 194 201 188 181 190 206 215 207 199 192 191 185 190 190 200 202 195 190 180 174 170 166 167 163 157 160 168 168 165 159 155 161 163 154 147 136 130 126 118 115 114 100 94 78 89 86 83 89 87 93 101 99 94 99 118 134 107 81 63 85 102 91 72 75 104 115 116 115 111 101 92 99 102 92 101 112
218 211 214 212 198 199 192 182 187 167 187 180 190 196 190 169 176 189 193 194 198 203 207 203 191 189 181 191 182 183 191 201 198 194 185 186 181 175 171 159 156 161 165 171 175 163 160 165 165 156 151 145 131 128 126 106 96 82 81 93 83 95 86 90 92 101 112 122 104 99 115 134 115 82 76 58 72 106 92 64 85 107 121 109 98 98 94 93 92 90 101 109 105
215 205 207 205 210 210 196 185 171 177 173 164 174 189 196 179 160 179 187 193 200 197 193 188 180 177 183 182 179 184 191 201 200 194 191 184 182 180 166 167 162 164 171 170 175 166 169 165 159 150 141 131 132 130 117 102 89 95 95 89 97 98 92 105 117 125 129 122 115 126 138 120 107 109 111 81 65 53 63 74 100 113 112 98 89 87 82 86 87 87 98 107 125
211 201 194 196 207 203 203 193 181 188 188 175 169 186 182 176 161 170 184 184 187 181 186 178 172 174 172 172 179 180 187 198 197 197 193 191 181 180 165 171 170 170 173 177 176 170 166 157 155 143 133 134 138 111 101 93 112 99 98 103 107 99 101 116 144 132 112 113 109 134 142 134 142 142 116 80 71 52 94 112 96 105 94 83 79 83 91 102 105 105 94 99 120
203 199 201 189 197 190 200 199 198 191 178 168 164 164 164 167 164 166 187 176 172 180 174 165 166 182 189 184 191 186 190 199 190 188 185 184 173 174 169 173 178 180 180 181 173 162 156 150 146 143 135 139 126 93 96 110 108 113 106 112 122 110 106 131 131 135 133 117 104 126 110 126 136 124 106 97 65 61 91 111 97 89 81 79 91 94 96 97 100 112 101 110 116
187 193 198 193 185 185 189 199 198 185 180 183 185 185 182 181 173 160 169 178 165 167 167 180 189 186 194 200 197 193 199 199 191 196 198 187 175 181 170 176 187 193 189 181 170 166 162 156 147 140 138 133 109 88 101 105 111 120 106 117 138 137 140 127 132 126 130 119 104 109 92 116 132 133 122 84 68 61 78 96 72 70 73 78 85 85 88 98 102 115 120 121 117
