etopo1.asc
ncols        279
nrows        105
xllcorner    -84.258333333333
yllcorner    34.541666666667
cellsize     0.016666666667
[rows 0 to 40 of 105, columns 0 to 92 of 279]
806 623 427 383 371 355 367 394 358 349 333 363 347 332 326 336 354 345 326 310 327 347 318 316 360 394 363 366 388 429 452 459 445 446 458 426 436 460 434 489 522 454 385 336 339 338 355 386 441 416 400 379 372 333 319 324 324 330 330 328 332 334 360 365 378 398 370 361 358 375 374 366 374 413 431 429 383 409 424 367 356 362 356 361 358 383 396 439 475 438 476 507 526
697 803 577 413 370 380 343 358 381 392 348 365 328 367 371 371 366 320 307 348 386 344 346 412 389 373 382 424 422 431 427 438 474 442 439 448 424 474 558 435 361 341 324 335 415 448 459 428 415 392 353 348 328 321 345 335 347 359 327 345 380 373 386 385 398 387 384 381 353 358 360 364 398 430 401 363 385 395 363 357 349 359 365 355 374 384 410 481 471 475 498 519 511
741 804 668 471 340 311 368 344 366 351 355 328 354 393 391 378 322 338 362 347 357 399 392 400 411 422 428 395 431 460 433 418 420 451 427 398 464 532 356 314 326 387 398 402 429 446 423 412 367 354 324 320 320 344 368 423 418 369 362 367 396 399 400 397 409 430 399 373 356 346 361 413 392 363 350 380 361 347 350 341 351 349 348 356 377 394 421 420 486 505 521 506 516
880 840 660 435 379 318 328 378 373 357 333 367 375 384 362 330 347 369 359 395 391 372 388 421 417 380 372 438 458 405 396 426 408 385 393 459 482 333 327 385 386 379 367 375 406 427 403 372 364 324 319 330 372 411 403 475 398 384 400 400 409 405 428 427 438 408 371 353 347 393 408 373 358 352 343 356 353 339 355 401 378 357 361 387 395 397 393 458 510 524 511 505 509
888 913 638 608 560 342 284 313 326 334 321 368 340 332 316 350 370 342 391 376 361 386 394 365 384 368 443 411 373 409 404 361 362 447 485 406 322 345 428 402 393 356 347 371 408 420 386 340 321 319 346 384 396 419 453 443 407 413 406 418 427 447 425 406 385 361 345 348 408 380 361 350 348 335 344 348 348 368 425 405 378 368 375 382 387 387 428 480 516 507 493 487 490
706 961 705 563 423 349 307 305 301 320 319 342 308 305 351 354 332 366 353 356 365 351 348 385 393 375 353 386 401 370 339 386 525 423 335 309 372 432 395 373 375 335 333 380 403 393 357 324 320 340 362 372 396 417 415 403 406 417 431 450 450 422 397 370 345 335 333 366 373 351 343 343 332 337 335 345 384 424 414 394 383 400 378 390 402 432 471 506 512 489 471 457 443
933 877 589 377 335 362 300 329 300 334 311 291 302 350 341 321 350 334 352 345 328 312 327 353 345 358 395 375 343 333 355 454 482 332 310 329 409 404 382 355 343 314 312 320 347 347 332 319 339 362 384 408 393 391 395 415 427 454 462 451 418 386 369 359 339 322 354 355 351 336 336 328 337 337 353 380 418 409 395 394 395 402 407 405 433 463 490 487 484 467 453 438 424
879 605 480 379 388 304 300 303 310 304 275 282 327 337 296 323 339 347 330 316 328 333 351 394 410 391 351 338 330 316 324 388 422 334 299 311 374 359 346 333 304 308 344 307 310 312 318 341 360 392 406 395 388 392 422 448 459 440 420 405 391 377 341 337 321 320 326 339 335 331 338 331 350 351 367 384 400 389 382 392 392 394 407 438 457 478 475 476 462 445 435 430 417
669 540 436 415 324 334 305 326 292 282 268 292 313 302 314 334 343 325 304 355 361 397 420 399 366 343 330 320 321 318 310 318 311 307 329 295 328 311 323 296 313 341 382 341 340 322 351 364 372 369 369 375 385 410 442 440 427 406 387 377 361 349 311 324 319 331 323 325 327 336 342 346 359 382 371 376 376 393 408 405 400 409 429 472 475 458 456 463 453 431 417 415 431
522 452 401 324 329 324 323 303 286 264 305 321 313 318 342 326 314 315 348 419 403 400 384 354 353 348 329 322 315 313 311 321 329 332 312 286 312 302 312 308 339 369 391 369 370 338 351 354 362 368 375 380 392 428 436 414 382 371 372 351 345 322 321 323 312 340 355 330 350 364 360 360 367 381 374 379 398 410 422 422 426 439 455 460 450 438 439 447 430 413 411 428 437
452 367 341 314 301 338 323 305 262 292 289 323 336 332 322 318 298 375 401 403 382 355 341 342 348 355 330 326 335 446 373 307 329 317 292 275 283 286 320 330 349 360 350 365 375 360 357 362 370 395 414 403 409 429 419 385 363 359 359 355 325 328 339 350 367 350 368 340 348 342 338 369 364 370 389 393 405 414 406 419 439 441 445 438 424 424 437 419 406 406 426 430 454
385 355 316 302 335 327 306 264 268 256 310 330 349 313 300 295 349 377 369 356 334 333 338 373 371 350 322 325 336 397 344 309 323 279 284 274 282 282 297 309 314 319 331 356 375 398 403 393 398 392 394 424 426 402 377 370 363 357 348 332 333 320 350 354 370 361 376 361 369 374 364 346 357 374 375 391 388 389 402 413 416 423 420 420 405 421 404 412 428 438 434 454 479
352 297 297 332 325 296 272 269 268 289 315 325 304 298 319 364 378 355 333 318 322 345 359 367 363 337 332 347 333 313 312 318 292 283 284 281 299 285 295 317 344 355 353 340 356 373 426 431 403 385 424 428 393 377 374 364 346 336 331 331 306 301 348 347 358 361 382 382 366 389 385 368 372 382 383 374 372 394 387 401 401 397 402 406 398 399 411 444 463 436 451 483 531
290 263 305 300 274 277 265 293 306 317 305 300 287 329 367 350 343 320 326 343 364 360 347 330 341 353 348 314 315 296 287 291 282 273 282 287 298 320 307 309 328 319 319 331 363 406 442 401 366 396 435 409 390 380 390 364 326 323 344 340 307 308 324 367 387 396 380 367 376 390 397 376 394 407 402 407 371 378 383 387 382 388 390 395 410 416 433 440 452 456 484 566 691
264 303 299 259 284 292 304 325 313 293 287 282 348 361 343 321 327 355 373 360 347 316 310 328 333 336 308 291 286 275 270 276 279 290 297 318 337 349 303 315 338 384 396 413 415 414 386 353 369 410 398 393 375 363 345 327 302 318 339 318 308 338 332 335 346 356 359 352 373 403 375 395 408 407 408 398 389 403 399 407 397 389 395 415 434 457 450 450 475 529 670 946 942
316 287 277 273 261 276 307 291 277 272 308 345 341 321 310 324 338 350 350 309 315 317 319 303 303 290 278 278 278 277 283 280 286 305 315 345 376 378 382 392 392 378 373 350 363 360 342 381 412 392 367 351 335 340 305 312 312 302 298 310 318 356 367 308 332 338 353 366 390 398 399 409 422 408 418 422 418 433 424 402 400 421 423 428 433 466 509 517 648 805 995 1086 1192
279 280 292 293 296 261 274 270 290 338 338 322 307 326 346 339 343 331 322 317 306 323 315 296 280 264 277 289 290 294 307 305 314 336 342 348 341 335 342 341 352 358 334 320 322 352 381 389 368 371 326 302 302 336 308 311 334 326 310 303 295 357 370 316 345 363 386 395 385 379 399 399 401 413 441 453 451 438 414 431 446 457 489 465 433 450 496 620 728 868 916 1073 1250
289 303 309 296 268 273 268 329 335 328 306 305 338 345 353 327 330 325 330 308 301 307 296 295 290 276 276 286 289 307 342 354 327 310 296 309 324 316 317 331 334 306 311 328 344 369 365 363 338 314 297 326 295 316 318 312 335 328 326 310 308 352 373 342 317 331 358 359 382 386 393 408 423 432 444 453 452 450 466 491 557 671 720 611 480 518 705 721 736 796 870 974 928
310 289 272 264 278 301 326 316 303 305 328 329 329 352 326 311 319 311 296 291 284 291 294 289 268 265 269 280 293 338 359 309 296 287 290 297 301 304 308 301 300 320 345 348 340 345 330 312 314 305 300 321 317 300 308 305 316 331 354 367 386 365 344 316 337 338 344 351 354 388 396 406 420 416 432 491 541 568 582 662 735 727 637 543 583 679 702 758 788 701 702 879 807
282 283 260 311 297 301 305 292 314 322 336 349 340 342 331 307 294 295 277 281 276 276 266 260 265 276 276 282 303 301 296 277 274 279 294 290 286 287 309 332 364 375 345 314 305 303 303 295 301 295 307 318 329 323 324 336 347 358 383 403 396 368 346 338 349 379 383 363 364 391 426 501 435 442 547 689 738 707 667 605 624 668 616 579 651 665 686 786 902 786 632 769 749
269 264 269 283 295 310 325 322 312 336 341 319 319 327 301 310 298 277 263 268 275 280 282 279 264 261 261 270 272 272 263 273 285 277 279 279 286 333 328 331 342 324 297 301 299 300 296 297 311 314 303 295 300 318 341 369 401 417 513 510 485 472 392 375 363 367 381 346 366 370 495 587 400 509 684 689 560 648 679 549 605 510 554 634 837 786 730 918 958 806 627 677 618
267 278 299 296 305 342 339 323 323 307 297 292 305 305 292 280 274 271 273 302 273 295 318 294 279 284 297 283 283 292 278 275 318 295 297 301 281 292 288 282 283 282 277 297 315 310 324 313 312 325 329 332 332 324 335 371 405 480 659 663 634 526 408 391 365 352 380 392 452 549 466 551 429 426 478 469 472 511 462 456 509 437 443 542 716 883 871 934 804 699 586 590 662
289 320 290 318 327 322 301 298 298 293 281 299 308 306 293 278 266 285 282 282 302 293 298 316 306 295 291 284 303 346 351 328 326 326 306 282 286 284 302 306 278 305 299 307 310 306 315 322 326 340 352 346 333 352 378 416 491 678 866 687 481 403 381 368 359 357 404 499 619 632 656 721 499 372 397 397 395 435 475 509 512 491 493 446 493 667 823 866 713 608 588 658 616
287 301 297 315 321 300 286 295 298 313 294 283 304 300 308 303 289 256 266 278 303 323 317 289 282 295 311 304 363 359 323 325 317 296 303 317 300 319 322 298 282 310 309 316 318 335 350 357 342 331 360 372 375 380 423 518 721 989 891 540 409 390 399 396 353 376 432 583 630 528 508 457 455 426 404 444 452 517 610 561 539 557 521 508 506 446 571 666 721 614 701 821 744
288 284 319 302 302 288 280 310 288 273 292 286 296 285 277 271 256 257 273 281 278 269 276 296 309 306 329 331 326 342 327 299 310 328 322 311 301 315 310 301 291 297 317 319 332 332 331 333 336 341 434 472 530 577 655 678 769 760 588 444 411 408 389 359 378 494 655 742 604 514 552 520 553 542 484 462 459 567 760 730 681 801 669 682 655 520 527 591 532 546 648 848 865
287 311 301 289 282 292 265 260 263 279 289 270 273 281 262 301 267 266 256 270 281 295 305 312 337 330 324 330 345 333 313 309 344 327 330 313 306 318 306 310 312 281 284 292 297 300 312 332 325 337 357 479 418 453 456 478 604 601 539 434 425 396 386 408 412 695 906 838 612 543 619 648 597 541 551 492 559 840 880 860 851 758 727 805 627 595 708 669 625 529 600 663 726
295 301 306 297 273 259 254 256 268 258 255 270 267 261 255 281 273 286 271 269 307 324 339 347 348 318 310 322 332 320 312 317 325 328 315 316 315 305 316 326 318 289 304 302 317 307 319 319 351 338 336 367 359 402 446 429 468 448 441 434 442 432 407 438 407 636 777 642 605 568 645 696 725 647 578 591 666 1029 1106 994 1121 1082 815 768 671 741 844 700 647 642 549 605 660
295 283 281 278 268 262 266 265 254 259 284 259 255 282 280 275 285 279 259 294 323 300 287 295 297 309 323 311 315 305 308 321 330 345 372 388 350 325 320 330 308 295 315 322 339 329 315 367 394 372 368 405 387 464 439 414 421 417 434 461 431 430 453 480 461 680 647 502 567 628 690 722 736 740 680 738 851 934 1036 1165 1177 1083 834 653 644 791 904 806 659 651 548 598 645
288 261 256 270 285 292 282 262 266 279 279 271 276 260 275 293 290 277 273 267 265 266 272 296 311 320 311 302 311 300 316 348 355 430 542 676 550 377 348 339 297 329 335 333 365 354 410 408 363 352 424 443 412 404 425 462 426 466 481 466 434 635 657 698 519 515 460 509 613 668 655 733 789 840 897 1002 1173 1056 1185 1055 964 792 758 721 721 1002 994 823 677 792 652 564 604
253 251 269 299 272 260 262 253 258 282 300 292 271 278 267 280 278 264 263 278 300 282 275 295 301 311 306 293 297 313 333 338 412 604 767 650 456 372 348 335 310 317 344 342 423 495 455 370 377 395 413 462 499 519 534 529 540 506 502 511 485 492 511 527 497 561 592 519 605 723 785 862 1008 885 888 935 1094 1225 1282 1133 944 906 897 759 762 1017 912 778 874 756 667 568 583
242 256 261 284 275 268 272 252 263 289 295 277 284 287 280 269 264 265 271 308 304 287 275 284 293 299 289 301 323 337 368 438 595 611 529 456 370 333 355 418 415 343 325 349 386 398 399 407 426 471 463 477 619 715 756 709 627 527 558 582 538 533 548 566 665 798 820 648 553 600 842 1030 1170 1002 956 1031 1182 1205 1177 1101 1005 908 824 751 899 1076 847 944 969 734 652 576 588
249 281 270 260 258 275 282 266 295 304 301 309 304 300 274 268 265 277 301 314 304 289 281 291 274 289 314 361 521 618 686 606 538 512 450 369 380 428 434 430 437 415 388 390 404 453 458 487 490 510 521 472 519 546 545 555 580 608 631 649 707 765 651 690 916 1172 1085 849 694 562 609 808 921 787 964 1052 983 1033 1233 1115 1006 960 786 820 1080 1126 953 1044 1044 775 635 636 644
265 294 319 293 284 267 279 291 281 286 322 328 315 286 275 277 291 293 298 312 304 297 287 285 302 301 404 527 492 485 491 479 468 425 500 463 494 511 472 509 460 417 435 467 434 529 593 548 516 510 449 450 456 485 582 671 725 806 805 921 1004 1067 841 862 1163 1361 1155 957 680 686 666 669 729 671 846 843 1008 1191 1212 1135 1241 1132 894 847 983 1127 1118 1027 802 806 742 769 722
254 277 304 300 269 271 298 307 288 302 329 340 312 289 300 312 303 312 306 312 311 298 299 315 340 410 388 353 420 453 444 492 522 492 559 526 517 440 447 565 610 556 602 515 442 529 518 513 524 523 506 514 561 668 838 972 1019 1186 1125 1243 1488 1471 1287 1245 1334 1141 973 897 955 987 797 845 935 692 750 975 975 1091 1250 1150 1207 1158 1027 897 960 1132 1222 1010 980 900 729 684 647
258 285 296 292 291 307 293 296 319 306 324 309 292 316 339 325 311 315 318 310 300 315 325 417 532 419 322 430 497 482 453 557 602 599 550 501 460 460 561 684 861 769 671 591 465 484 571 646 637 668 647 583 572 761 1117 1219 1209 1462 1545 1611 1770 1513 1338 1273 1193 1048 1243 1270 1390 1154 975 988 872 713 826 846 1024 1226 1096 994 1083 1139 971 1086 1092 1182 1073 865 762 744 671 646 653
261 282 288 290 324 292 313 320 312 298 289 280 299 315 341 334 318 330 326 321 319 327 418 472 356 354 395 392 418 407 444 429 477 538 552 558 510 585 888 1092 1042 928 778 550 509 620 697 755 911 925 824 723 623 750 837 946 1096 1325 1530 1706 1757 1616 1592 1427 1191 1271 1284 1535 1487 1185 1137 1004 767 806 933 1067 1046 1020 922 896 999 1167 1079 1210 1235 1084 847 762 747 685 713 695 668
263 262 269 298 298 308 313 296 286 273 274 294 314 305 316 318 329 347 356 343 338 403 452 363 393 446 439 382 344 348 345 348 394 467 591 749 573 681 958 998 944 701 572 529 621 709 800 931 1075 1259 1065 804 917 953 1196 1343 1222 1394 1593 1727 1736 1571 1627 1602 1483 1611 1543 1468 1217 1100 1067 874 847 753 837 822 793 853 804 873 957 1186 1360 1221 990 870 817 754 694 729 718 670 650
253 276 301 303 291 286 268 270 269 273 295 300 301 317 324 308 338 354 337 395 518 618 504 447 485 563 461 357 358 411 432 437 446 474 528 562 718 677 734 746 737 757 755 636 596 870 1052 1276 1459 1535 1252 1015 1153 1272 1487 1557 1456 1545 1617 1510 1646 1493 1417 1543 1676 1637 1434 1355 1193 1014 951 918 950 803 768 762 785 902 998 937 1101 1322 1303 1065 855 750 721 726 803 766 768 694 663
261 258 270 280 265 263 263 276 296 307 304 308 303 304 307 325 325 329 393 598 664 572 474 546 545 576 617 503 423 465 553 608 523 502 618 694 742 825 809 807 775 844 904 1095 830 958 1304 1555 1690 1741 1553 1310 1311 1427 1465 1307 1443 1632 1532 1407 1491 1447 1245 1523 1428 1339 1310 1175 1119 1115 966 972 1047 1010 962 820 813 955 1093 1070 1363 1216 1080 1147 965 844 836 908 899 752 721 761 680
259 270 266 266 263 270 295 299 306 304 286 286 293 304 310 311 350 443 603 674 569 502 549 589 621 641 708 813 846 722 621 563 539 594 563 690 946 1045 1124 1059 973 1051 931 1058 1165 1078 1138 1204 1330 1464 1611 1637 1630 1568 1447 1185 1322 1515 1459 1380 1485 1428 1145 1288 1318 1265 1199 1068 966 934 922 1069 1175 1191 952 806 855 988 978 959 1105 977 1044 1141 1144 923 1157 1174 907 833 749 714 658
253 254 259 264 278 295 290 284 287 284 282 309 316 302 342 396 553 620 485 436 435 507 542 581 668 692 695 770 768 875 641 584 657 734 775 724 838 991 1190 1267 1275 1267 1066 950 1089 1343 1509 1447 1520 1447 1536 1580 1475 1322 1384 1108 1225 1414 1440 1379 1301 1256 1082 1151 1424 1461 1279 1034 955 988 1011 1169 1151 971 860 848 815 785 849 839 990 869 1014 1030 1216 1189 1235 1147 976 809 776 709 681
