etopo1.asc
ncols        279
nrows        105
xllcorner    -84.258333333333
yllcorner    34.541666666667
cellsize     0.016666666667
[rows 41 to 81 of 105, columns 93 to 185 of 279]
873 786 821 844 725 686 666 639 646 671 717 744 687 702 670 704 678 701 692 728 727 761 746 773 897 955 903 742 599 644 584 496 485 496 472 476 558 562 514 481 444 445 443 414 418 496 538 426 393 396 372 372 447 402 513 573 693 768 732 738 763 724 689 610 539 456 415 402 389 370 376 354 333 349 350 365 342 323 341 324 306 288 286 277 265 255 265 272 258 270 279 291 282
768 807 812 776 701 670 655 646 630 667 672 644 653 665 664 749 736 822 941 994 1003 1064 997 1001 957 953 865 735 740 563 497 473 479 472 508 577 647 614 514 398 411 421 421 408 471 487 464 408 416 410 389 384 419 512 672 634 549 625 639 686 798 799 723 695 675 538 425 375 386 377 350 351 351 357 367 355 347 351 350 344 337 296 279 263 268 252 270 267 256 264 269 273 289
701 695 707 679 667 646 637 638 623 636 636 648 653 695 839 963 944 1000 1093 1217 1160 1197 1149 973 907 850 832 797 645 537 520 489 504 508 713 799 679 564 424 414 465 440 456 464 387 425 422 440 474 448 413 376 483 516 558 584 466 533 581 511 551 596 730 726 601 536 443 436 411 378 381 386 372 377 372 344 325 318 316 346 327 295 274 260 262 255 276 259 269 274 292 289 304
677 662 665 650 651 646 643 628 645 671 669 657 709 696 750 906 859 850 851 855 890 917 930 914 971 926 799 838 778 746 657 681 654 723 694 587 458 420 409 494 538 512 476 423 371 399 426 438 528 523 442 384 426 405 404 461 423 466 495 454 406 487 542 468 418 362 380 382 370 342 356 370 364 366 336 329 321 313 303 332 314 293 271 259 254 254 270 252 261 273 284 303 308
673 684 664 679 720 663 668 655 647 665 686 707 867 814 930 821 746 740 726 750 790 855 883 836 859 874 777 744 807 817 668 653 588 722 577 489 408 369 384 522 639 583 451 386 381 412 488 495 490 405 407 349 413 388 386 378 387 361 377 379 363 392 422 368 352 343 345 362 378 337 310 324 331 345 331 312 318 312 302 302 298 283 277 254 253 245 269 251 267 275 286 294 291
694 706 708 719 785 715 666 648 645 668 685 747 855 875 831 755 714 708 710 711 752 849 933 1000 815 718 709 737 934 751 656 563 439 575 432 385 374 368 399 476 504 404 377 342 323 375 473 410 352 370 328 341 514 457 413 360 350 348 349 332 333 351 344 334 327 335 328 327 332 321 298 317 324 334 333 318 304 300 300 287 296 279 261 270 260 241 262 248 267 287 309 292 271
727 730 824 827 778 681 668 656 667 702 701 731 762 821 773 730 694 684 721 747 753 988 1157 1066 890 673 698 781 927 848 689 487 517 419 365 356 368 352 468 474 392 352 330 349 331 327 342 323 345 330 326 321 445 514 422 410 378 404 405 363 316 316 324 310 324 325 322 309 318 293 302 320 311 319 318 324 308 305 290 287 280 268 253 251 252 248 249 254 272 292 297 288 271
848 831 982 834 712 745 738 661 651 664 678 744 740 702 711 685 668 722 724 839 1003 891 962 890 827 652 849 932 810 675 559 462 632 438 370 355 349 342 390 356 344 340 321 343 334 305 309 319 317 313 315 328 510 493 477 377 357 343 341 390 338 304 309 309 322 310 308 292 287 280 298 308 295 300 306 319 303 295 286 301 295 284 269 266 253 243 243 256 268 293 294 285 267
1055 903 1003 827 847 785 753 698 682 646 675 694 707 683 667 702 774 796 856 991 1072 1056 891 764 647 632 893 945 832 566 376 417 454 413 384 335 319 339 327 353 332 332 322 320 325 313 308 309 294 310 301 342 376 368 358 382 476 381 334 313 305 296 289 298 301 302 293 298 279 286 301 296 296 295 308 310 315 301 278 293 295 279 271 268 265 255 243 255 271 284 283 278 281
1049 1027 971 986 876 785 706 713 651 642 679 691 673 661 736 731 699 758 877 983 998 980 888 788 594 579 674 691 503 545 387 381 368 354 355 320 328 327 329 304 328 320 332 325 303 307 316 289 283 294 303 323 337 332 330 484 481 433 390 337 326 319 305 279 281 281 280 275 273 289 288 292 296 289 298 299 307 300 279 271 292 276 258 269 271 263 242 262 282 273 274 265 270
952 881 861 840 887 871 745 738 654 647 654 658 651 641 657 669 714 874 968 908 798 795 749 725 595 698 752 560 356 349 325 331 328 375 377 296 313 300 320 319 300 308 312 320 305 300 320 309 277 283 313 311 314 311 355 495 422 383 363 366 331 305 292 296 307 295 285 284 268 271 287 301 304 285 287 287 298 297 283 269 271 277 252 249 250 254 257 255 276 255 266 262 255
950 883 829 770 791 784 724 698 659 645 629 638 642 679 755 806 921 804 790 797 685 709 705 673 733 784 928 609 471 460 351 332 332 313 297 284 301 283 316 307 286 286 298 302 317 291 293 308 298 278 291 303 298 305 340 464 473 413 386 344 327 317 320 321 315 311 298 292 268 278 293 291 301 293 275 284 303 293 288 265 253 253 254 264 256 254 245 243 242 244 254 252 253
1073 1049 882 789 723 722 688 662 646 645 629 639 670 696 781 851 841 790 693 674 674 705 679 713 808 873 999 707 576 397 371 363 353 332 338 299 267 298 319 290 295 270 301 321 316 304 289 291 302 303 282 290 295 318 323 340 368 339 334 332 326 316 305 305 314 305 290 279 263 258 272 279 291 281 273 290 304 301 291 270 277 268 272 265 266 262 247 249 239 233 231 244 242
1000 941 931 801 759 689 703 676 648 631 631 654 637 650 680 705 723 676 665 658 678 672 683 819 840 890 893 620 416 375 355 342 330 317 304 314 299 287 293 292 302 278 297 309 318 313 303 291 273 277 272 278 298 306 297 319 329 312 308 294 308 317 297 284 289 303 291 277 260 250 269 282 296 269 281 292 300 282 286 289 286 275 262 267 256 257 261 267 259 252 232 219 232
1059 895 807 805 739 803 697 658 649 637 642 669 675 652 651 681 661 660 687 702 669 690 702 790 806 805 742 541 390 349 334 332 341 328 313 306 321 277 265 282 275 264 286 306 301 306 323 313 298 294 281 263 290 291 310 329 317 299 291 284 294 300 296 294 276 289 286 281 262 247 265 285 290 263 276 292 288 267 275 286 286 283 284 274 284 276 276 286 265 245 233 219 220
933 914 813 799 788 689 663 670 658 639 680 737 697 703 645 651 659 672 680 689 692 678 709 777 772 645 440 360 339 327 318 320 315 331 310 294 278 292 276 261 288 263 292 311 279 292 314 325 315 311 292 271 274 288 288 299 305 286 275 281 280 280 287 296 281 268 271 268 265 243 258 280 283 261 264 272 267 267 257 266 281 297 286 290 287 271 276 288 264 253 245 228 225
916 856 838 754 689 689 672 638 704 703 687 679 727 675 647 649 656 665 664 678 672 645 682 713 789 481 349 324 311 318 306 302 296 302 281 289 297 269 281 289 250 259 269 285 271 299 322 321 310 306 303 285 258 275 282 294 308 301 283 263 264 263 275 287 283 269 259 254 256 239 260 279 285 261 259 250 250 254 261 278 290 298 299 289 268 255 279 278 263 253 244 236 236
881 857 745 709 688 666 654 645 703 735 785 831 757 685 658 642 644 651 661 670 694 627 653 751 728 523 347 326 346 333 323 325 316 305 306 311 308 294 268 266 276 256 254 259 297 308 318 305 298 300 289 279 269 263 261 279 301 303 289 275 254 263 276 273 268 276 263 244 239 254 272 278 280 267 242 238 253 245 269 282 292 287 286 270 254 254 247 253 247 244 237 239 234
815 789 753 745 684 653 653 648 651 679 778 807 727 678 656 654 646 650 657 666 653 616 696 729 543 385 403 483 386 374 436 407 316 308 303 296 291 285 271 250 278 288 253 256 283 312 322 304 291 282 280 281 277 272 255 277 282 289 291 282 269 251 263 273 254 261 262 242 239 254 265 262 272 270 244 231 247 246 260 274 287 290 275 255 260 271 258 248 237 224 220 228 221
726 712 705 760 719 714 724 750 773 696 711 785 715 673 671 680 666 664 656 648 592 589 615 622 420 430 523 501 589 738 512 363 341 304 295 280 279 278 277 260 253 254 263 260 267 296 304 292 296 272 266 277 278 280 255 276 266 277 275 273 260 246 260 257 252 246 256 238 250 259 252 255 273 265 239 233 234 245 264 278 295 299 292 272 283 271 268 256 252 241 228 226 230
653 661 649 644 660 842 834 880 851 752 759 736 691 672 716 730 685 692 647 585 629 586 474 454 514 540 587 704 659 535 380 328 311 304 300 305 314 311 288 264 250 248 252 244 271 283 297 281 285 280 254 275 268 254 243 253 257 281 268 265 246 251 269 252 241 239 253 231 241 250 240 261 272 257 231 221 235 243 260 273 291 309 317 284 265 254 256 239 243 251 243 243 244
653 682 734 687 653 781 814 791 774 772 731 685 706 784 825 781 762 701 629 621 612 617 621 609 594 596 580 449 351 374 340 329 330 326 334 339 327 310 284 283 259 253 281 261 245 257 275 282 268 263 248 275 272 268 256 241 245 264 270 252 244 247 262 247 230 237 248 227 228 238 248 268 267 245 219 230 246 255 253 262 280 293 301 273 258 252 243 232 230 238 243 237 235
667 746 844 684 660 697 709 762 830 897 916 870 887 891 870 774 741 668 654 687 674 657 638 610 618 576 436 314 304 325 327 340 331 334 350 323 302 298 297 304 279 265 296 280 266 253 252 267 252 244 246 269 256 264 258 251 235 259 261 257 234 254 268 252 227 233 230 220 233 243 253 270 261 235 226 237 234 243 260 272 282 286 286 272 268 308 286 239 220 225 239 240 230
738 773 873 801 716 772 826 853 954 1007 921 838 873 798 732 668 640 670 735 726 673 621 594 576 543 525 422 351 317 304 309 302 288 309 305 293 284 281 287 304 293 299 300 303 287 268 261 250 235 233 243 243 249 232 229 236 235 238 234 230 220 238 251 246 227 216 220 228 233 246 259 253 254 211 220 232 250 263 274 301 297 266 280 314 292 286 265 241 225 221 237 237 252
828 904 876 787 771 753 804 852 917 958 885 753 710 699 716 672 690 751 710 705 659 669 668 688 759 644 453 374 330 341 335 305 287 278 282 283 279 270 279 292 298 299 294 297 300 283 264 251 236 223 232 247 233 243 241 258 254 252 252 258 245 239 230 226 215 216 242 244 244 242 252 227 217 205 227 253 249 264 284 284 267 261 287 341 291 256 257 238 225 222 229 240 256
933 1006 965 886 846 795 827 860 922 969 899 755 692 762 771 698 713 687 650 715 667 662 686 690 781 641 430 362 368 362 322 302 289 268 273 270 260 262 262 265 281 285 298 285 285 289 286 279 252 266 265 259 252 268 278 261 263 260 263 270 261 255 259 249 220 208 229 229 232 236 237 212 204 219 243 253 274 285 260 251 256 309 307 301 269 242 232 240 226 216 221 226 227
942 951 925 879 848 867 852 873 860 859 823 809 824 711 681 706 754 564 562 517 453 576 689 734 769 673 471 383 337 321 316 303 292 297 309 293 285 295 292 272 253 260 283 290 276 272 275 286 275 283 276 271 270 276 275 262 270 269 271 268 259 247 244 238 236 212 225 221 222 227 212 201 221 240 254 258 254 247 234 245 283 273 267 261 256 247 234 223 220 213 209 213 212
896 876 891 849 859 896 874 890 930 873 815 674 509 524 504 491 536 420 413 463 594 776 805 673 473 439 370 340 320 300 299 292 297 297 303 303 301 298 291 278 278 256 263 295 294 279 262 268 279 271 271 285 280 286 274 272 275 281 284 276 254 246 245 249 241 212 208 207 228 221 208 219 243 261 245 236 236 222 239 273 261 250 254 256 242 235 234 238 231 230 228 218 208
935 929 917 902 908 890 863 801 618 464 447 436 440 489 445 357 395 385 443 508 565 662 592 487 441 356 352 318 309 293 289 283 280 277 294 279 298 299 294 280 267 263 255 273 278 278 272 254 263 256 263 273 280 293 289 290 301 286 280 266 261 255 256 248 236 223 198 203 217 201 191 236 272 232 224 230 217 240 266 267 238 235 237 256 251 262 256 253 240 230 217 216 215
910 939 942 912 894 807 788 672 499 379 383 404 450 428 404 346 376 428 429 402 411 378 368 390 355 337 327 327 324 315 310 302 286 272 275 274 270 267 271 259 258 267 265 251 249 253 257 251 248 247 270 272 267 278 282 302 312 266 258 249 251 244 236 230 227 216 207 187 188 206 222 230 230 238 217 208 218 232 237 236 220 231 236 251 256 257 244 235 244 236 230 219 220
923 939 856 664 617 773 663 536 471 371 379 399 400 412 380 372 398 385 353 356 338 335 344 331 318 310 308 309 317 308 299 290 284 279 275 263 271 277 274 266 273 262 257 272 261 249 253 243 239 238 256 262 263 272 276 265 263 246 235 242 256 254 241 227 214 200 204 197 193 218 216 213 234 229 230 209 202 213 223 209 215 223 238 236 237 239 237 223 236 235 233 229 221
832 793 538 452 447 507 470 409 395 371 346 363 369 365 331 345 373 384 351 326 304 316 323 335 341 329 310 301 292 304 300 295 309 286 289 281 298 301 294 278 288 275 271 279 269 272 275 263 245 228 256 256 257 276 269 250 246 239 219 236 238 234 228 227 227 223 209 192 184 199 208 228 227 203 206 196 190 206 215 198 221 235 235 213 220 236 232 218 221 220 218 218 217
494 433 393 364 377 359 357 343 341 369 341 341 368 337 358 373 359 356 343 309 298 305 332 346 347 345 321 305 286 288 307 320 314 303 303 310 310 291 285 275 270 276 279 289 280 284 273 257 254 239 238 245 251 276 264 262 269 258 228 218 222 213 228 244 237 225 217 210 192 184 200 204 206 194 175 175 190 209 209 191 212 231 215 208 231 236 232 219 215 213 207 207 202
661 474 401 377 367 349 337 333 363 379 331 349 358 335 341 354 343 326 315 302 300 302 302 308 319 317 313 310 291 284 300 309 299 304 319 309 295 293 288 277 268 272 272 286 271 270 278 270 255 245 234 233 251 267 261 267 252 253 234 206 210 216 227 242 251 238 241 233 218 193 179 173 177 180 170 196 211 223 206 189 216 213 195 210 214 229 241 237 233 228 220 215 218
418 386 371 351 332 351 342 327 326 331 322 333 330 316 314 336 358 346 335 333 328 323 305 292 305 296 294 305 292 273 288 290 284 300 296 293 281 276 274 265 263 263 261 273 268 259 269 270 265 257 245 220 244 263 255 246 239 223 214 193 202 201 213 231 231 228 219 224 211 212 192 189 169 164 179 195 204 214 212 187 194 186 194 204 216 233 228 232 227 232 227 233 229
367 359 363 322 330 338 306 306 292 296 323 328 309 321 336 353 362 341 343 340 323 309 300 285 295 304 286 287 286 279 273 285 274 281 282 277 271 279 274 265 263 258 255 252 253 251 264 262 254 249 248 225 226 246 254 240 230 211 196 187 184 195 215 240 227 206 203 206 204 201 195 197 181 156 182 200 190 195 205 179 187 177 191 193 216 218 224 237 225 211 216 230 225
331 331 338 307 316 323 324 331 320 311 303 305 313 337 342 343 338 322 311 306 311 305 294 286 283 293 287 290 278 282 273 282 280 269 272 267 260 272 277 271 273 272 267 264 253 245 239 252 254 234 234 221 214 233 231 227 214 212 211 187 170 189 216 233 221 204 186 188 206 191 179 173 180 151 168 170 177 201 196 169 180 175 190 216 222 207 218 225 225 217 206 215 223
392 362 336 337 355 366 349 338 314 300 300 304 333 342 339 327 319 315 312 309 305 305 306 292 281 273 272 277 276 272 272 281 283 273 264 262 260 260 269 264 273 274 271 270 268 258 237 236 252 251 244 233 215 202 206 228 226 215 206 197 186 177 201 211 196 192 189 173 184 187 181 161 175 151 151 171 197 202 177 167 173 168 209 212 206 198 202 222 224 216 208 201 213
395 334 363 385 377 344 327 311 312 302 296 323 330 334 328 329 336 330 324 310 301 294 305 306 299 296 300 289 274 264 268 267 271 277 271 262 251 249 257 256 265 262 256 260 265 251 236 226 234 235 229 235 226 211 198 201 225 214 210 207 187 179 178 183 180 180 189 174 165 164 178 166 155 145 168 178 189 184 170 156 160 172 190 187 177 194 214 217 215 206 200 196 200
315 339 358 400 397 346 339 320 311 310 291 304 318 323 326 326 359 422 429 367 328 309 293 296 312 317 327 311 293 282 266 253 260 262 266 270 263 249 239 242 250 257 258 247 241 241 239 240 227 220 215 221 218 212 206 191 220 217 206 219 210 195 176 167 161 164 165 174 178 161 152 160 158 152 167 170 172 177 165 148 170 188 187 166 196 198 196 214 220 210 208 188 195
330 361 351 404 390 347 329 326 325 319 305 281 300 315 315 324 330 391 479 363 325 311 308 289 287 294 304 305 298 289 275 267 253 250 256 253 251 249 243 230 240 254 265 252 244 229 221 228 236 236 226 223 225 229 215 195 189 189 181 204 194 193 196 190 185 175 166 159 154 158 157 152 157 147 151 157 159 160 150 163 174 191 174 179 196 181 190 198 218 215 207 192 183
